1000
999
1 0
2 0
3 1
4 0
5 2
6 3
7 4
8 5
9 5
10 1
11 6
12 7
13 8
14 6
15 14
16 6
17 11
18 14
19 1
20 16
21 8
22 9
23 5
24 1
25 19
26 23
27 20
28 27
29 12
30 1
31 19
32 25
33 1
34 21
35 22
36 26
37 17
38 13
39 18
40 12
41 40
42 27
43 15
44 42
45 30
46 44
47 32
48 24
49 31
50 11
51 33
52 34
53 15
54 40
55 46
56 54
57 19
58 14
59 10
60 56
61 45
62 15
63 12
64 60
65 19
66 23
67 63
68 65
69 43
70 11
71 19
72 1
73 72
74 50
75 39
76 36
77 64
78 71
79 78
80 77
81 49
82 25
83 36
84 62
85 64
86 80
87 25
88 75
89 58
90 80
91 61
92 1
93 69
94 67
95 86
96 41
97 53
98 42
99 35
100 74
101 55
102 1
103 40
104 79
105 73
106 55
107 66
108 47
109 107
110 34
111 85
112 35
113 109
114 14
115 40
116 96
117 64
118 59
119 102
120 64
121 96
122 64
123 45
124 114
125 101
126 107
127 104
128 66
129 118
130 76
131 113
132 81
133 124
134 57
135 133
136 127
137 131
138 28
139 30
140 129
141 91
142 68
143 116
144 84
145 113
146 77
147 35
148 106
149 95
150 119
151 57
152 94
153 131
154 29
155 128
156 108
157 1
158 116
159 140
160 36
161 152
162 98
163 148
164 84
165 30
166 87
167 89
168 132
169 121
170 64
171 38
172 149
173 154
174 83
175 1
176 39
177 160
178 126
179 90
180 93
181 141
182 97
183 108
184 162
185 92
186 53
187 133
188 102
189 160
190 124
191 175
192 64
193 190
194 189
195 51
196 128
197 52
198 82
199 192
200 195
201 59
202 180
203 190
204 166
205 14
206 160
207 115
208 168
209 74
210 175
211 151
212 105
213 130
214 186
215 171
216 183
217 179
218 1
219 217
220 192
221 201
222 196
223 65
224 176
225 142
226 138
227 17
228 111
229 147
230 154
231 211
232 220
233 40
234 117
235 181
236 153
237 232
238 182
239 82
240 105
241 164
242 155
243 193
244 53
245 103
246 223
247 170
248 142
249 159
250 238
251 205
252 156
253 62
254 98
255 198
256 48
257 136
258 235
259 122
260 215
261 89
262 53
263 46
264 256
265 147
266 112
267 137
268 51
269 167
270 234
271 255
272 144
273 143
274 263
275 251
276 246
277 92
278 226
279 158
280 269
281 145
282 181
283 110
284 200
285 253
286 84
287 48
288 155
289 229
290 222
291 274
292 248
293 286
294 238
295 279
296 282
297 207
298 252
299 42
300 204
301 217
302 200
303 258
304 299
305 90
306 181
307 261
308 226
309 285
310 275
311 39
312 305
313 302
314 111
315 247
316 84
317 51
318 278
319 270
320 286
321 75
322 194
323 317
324 109
325 83
326 158
327 171
328 292
329 276
330 262
331 211
332 324
333 254
334 150
335 57
336 144
337 317
338 335
339 214
340 141
341 150
342 104
343 292
344 153
345 326
346 151
347 121
348 327
349 306
350 238
351 134
352 277
353 271
354 75
355 231
356 311
357 290
358 40
359 282
360 340
361 257
362 161
363 117
364 355
365 13
366 267
367 28
368 350
369 193
370 35
371 200
372 313
373 138
374 137
375 169
376 121
377 123
378 142
379 317
380 165
381 173
382 100
383 328
384 355
385 354
386 146
387 77
388 359
389 210
390 316
391 388
392 293
393 104
394 197
395 381
396 206
397 321
398 301
399 284
400 397
401 225
402 242
403 373
404 377
405 319
406 239
407 11
408 362
409 88
410 239
411 320
412 322
413 175
414 137
415 403
416 346
417 159
418 356
419 416
420 270
421 139
422 384
423 385
424 134
425 90
426 214
427 281
428 183
429 37
430 250
431 357
432 345
433 185
434 421
435 150
436 325
437 337
438 178
439 172
440 276
441 226
442 227
443 88
444 269
445 159
446 401
447 351
448 75
449 137
450 380
451 318
452 428
453 358
454 268
455 261
456 263
457 244
458 408
459 349
460 341
461 202
462 419
463 168
464 52
465 199
466 353
467 177
468 451
469 282
470 123
471 436
472 212
473 452
474 107
475 449
476 203
477 339
478 310
479 290
480 49
481 210
482 230
483 298
484 129
485 452
486 455
487 460
488 177
489 467
490 23
491 368
492 188
493 380
494 260
495 268
496 398
497 173
498 237
499 249
500 375
501 207
502 465
503 283
504 336
505 348
506 394
507 371
508 352
509 427
510 370
511 170
512 497
513 11
514 213
515 132
516 209
517 342
518 349
519 161
520 478
521 219
522 304
523 364
524 405
525 431
526 359
527 467
528 186
529 235
530 464
531 450
532 495
533 391
534 266
535 147
536 240
537 366
538 427
539 120
540 405
541 491
542 426
543 523
544 438
545 157
546 435
547 123
548 200
549 411
550 240
551 280
552 473
553 516
554 295
555 473
556 482
557 554
558 522
559 481
560 459
561 425
562 547
563 333
564 236
565 359
566 405
567 263
568 227
569 315
570 418
571 551
572 337
573 524
574 516
575 461
576 575
577 415
578 499
579 123
580 42
581 322
582 14
583 155
584 14
585 518
586 250
587 389
588 536
589 448
590 443
591 517
592 346
593 163
594 569
595 295
596 547
597 585
598 553
599 477
600 396
601 483
602 131
603 429
604 547
605 49
606 317
607 39
608 288
609 462
610 415
611 367
612 264
613 479
614 571
615 562
616 68
617 476
618 497
619 311
620 613
621 305
622 271
623 563
624 349
625 135
626 342
627 439
628 552
629 534
630 224
631 586
632 365
633 337
634 396
635 550
636 532
637 543
638 68
639 189
640 210
641 284
642 323
643 392
644 133
645 457
646 570
647 399
648 189
649 437
650 496
651 490
652 413
653 347
654 234
655 540
656 608
657 444
658 579
659 99
660 291
661 535
662 317
663 303
664 70
665 440
666 649
667 650
668 578
669 442
670 580
671 440
672 608
673 489
674 530
675 446
676 663
677 665
678 120
679 306
680 645
681 124
682 476
683 586
684 280
685 420
686 330
687 671
688 222
689 235
690 332
691 649
692 438
693 378
694 448
695 651
696 487
697 345
698 570
699 194
700 595
701 621
702 574
703 391
704 485
705 482
706 170
707 644
708 674
709 632
710 453
711 644
712 272
713 522
714 502
715 216
716 668
717 184
718 620
719 700
720 398
721 500
722 535
723 519
724 261
725 619
726 422
727 208
728 616
729 225
730 630
731 300
732 399
733 393
734 732
735 703
736 404
737 562
738 430
739 566
740 657
741 283
742 661
743 546
744 493
745 464
746 725
747 273
748 424
749 633
750 297
751 569
752 672
753 593
754 374
755 729
756 575
757 37
758 541
759 116
760 663
761 538
762 510
763 601
764 714
765 509
766 539
767 291
768 516
769 378
770 683
771 402
772 501
773 268
774 618
775 634
776 458
777 652
778 537
779 529
780 739
781 486
782 419
783 450
784 590
785 477
786 713
787 431
788 759
789 507
790 407
791 625
792 784
793 344
794 778
795 618
796 604
797 716
798 631
799 575
800 243
801 333
802 601
803 424
804 568
805 697
806 245
807 514
808 498
809 339
810 174
811 288
812 330
813 810
814 800
815 777
816 516
817 68
818 358
819 519
820 434
821 789
822 452
823 379
824 647
825 488
826 454
827 602
828 120
829 260
830 527
831 611
832 175
833 754
834 716
835 125
836 639
837 649
838 709
839 315
840 755
841 670
842 694
843 740
844 561
845 813
846 372
847 748
848 464
849 349
850 814
851 596
852 571
853 629
854 804
855 707
856 404
857 731
858 611
859 386
860 224
861 833
862 722
863 163
864 343
865 423
866 838
867 750
868 741
869 854
870 735
871 626
872 802
873 810
874 243
875 297
876 760
877 507
878 404
879 421
880 134
881 549
882 675
883 876
884 787
885 466
886 77
887 289
888 653
889 525
890 625
891 380
892 846
893 378
894 703
895 806
896 554
897 651
898 684
899 860
900 817
901 746
902 502
903 569
904 505
905 872
906 68
907 893
908 488
909 878
910 49
911 867
912 470
913 774
914 350
915 848
916 533
917 898
918 445
919 705
920 875
921 823
922 306
923 472
924 693
925 515
926 218
927 535
928 765
929 330
930 545
931 329
932 542
933 779
934 540
935 825
936 338
937 463
938 814
939 869
940 540
941 268
942 587
943 726
944 394
945 883
946 913
947 374
948 733
949 840
950 710
951 417
952 673
953 907
954 872
955 407
956 544
957 830
958 556
959 37
960 574
961 474
962 858
963 780
964 766
965 655
966 812
967 831
968 967
969 794
970 547
971 886
972 570
973 721
974 821
975 753
976 590
977 426
978 605
979 187
980 595
981 172
982 116
983 880
984 549
985 962
986 760
987 414
988 486
989 798
990 334
991 293
992 656
993 992
994 403
995 693
996 942
997 575
998 390
999 764
