1000
999
1 0
2 0
3 1
4 3
5 4
6 1
7 3
8 4
9 2
10 8
11 2
12 6
13 9
14 5
15 12
16 12
17 12
18 2
19 17
20 13
21 16
22 9
23 20
24 11
25 19
26 14
27 12
28 18
29 16
30 16
31 21
32 19
33 31
34 33
35 6
36 26
37 35
38 14
39 28
40 15
41 16
42 37
43 38
44 32
45 9
46 41
47 30
48 40
49 24
50 12
51 48
52 10
53 6
54 49
55 6
56 34
57 45
58 11
59 35
60 51
61 39
62 27
63 62
64 36
65 50
66 50
67 66
68 26
69 53
70 29
71 34
72 39
73 62
74 68
75 69
76 67
77 69
78 5
79 30
80 75
81 23
82 51
83 46
84 36
85 32
86 34
87 55
88 25
89 86
90 17
91 63
92 59
93 55
94 52
95 52
96 24
97 92
98 3
99 65
100 12
101 19
102 11
103 74
104 65
105 91
106 12
107 105
108 82
109 103
110 11
111 108
112 31
113 110
114 56
115 84
116 109
117 88
118 43
119 110
120 115
121 85
122 73
123 80
124 50
125 85
126 123
127 102
128 108
129 55
130 28
131 118
132 73
133 109
134 20
135 70
136 25
137 117
138 97
139 11
140 132
141 6
142 136
143 93
144 34
145 49
146 78
147 137
148 106
149 49
150 36
151 24
152 58
153 55
154 149
155 54
156 85
157 82
158 70
159 34
160 55
161 5
162 105
163 143
164 67
165 72
166 26
167 154
168 64
169 130
170 157
171 57
172 152
173 164
174 155
175 99
176 95
177 115
178 143
179 82
180 126
181 122
182 153
183 157
184 33
185 152
186 156
187 105
188 179
189 164
190 185
191 111
192 130
193 160
194 122
195 165
196 130
197 159
198 121
199 147
200 42
201 15
202 61
203 23
204 189
205 186
206 138
207 76
208 137
209 83
210 33
211 36
212 64
213 150
214 31
215 97
216 97
217 96
218 80
219 155
220 76
221 162
222 46
223 133
224 132
225 64
226 210
227 192
228 105
229 107
230 95
231 54
232 60
233 108
234 122
235 221
236 81
237 113
238 194
239 176
240 233
241 23
242 217
243 183
244 40
245 33
246 114
247 211
248 19
249 224
250 230
251 163
252 246
253 47
254 216
255 126
256 222
257 199
258 151
259 112
260 127
261 75
262 208
263 23
264 245
265 154
266 146
267 51
268 73
269 262
270 240
271 77
272 95
273 134
274 171
275 236
276 267
277 22
278 107
279 36
280 7
281 140
282 47
283 268
284 77
285 141
286 175
287 38
288 208
289 123
290 282
291 192
292 94
293 228
294 142
295 161
296 269
297 275
298 198
299 204
300 42
301 73
302 197
303 77
304 247
305 206
306 125
307 286
308 107
309 90
310 296
311 96
312 120
313 160
314 188
315 212
316 241
317 48
318 61
319 273
320 184
321 170
322 311
323 227
324 73
325 117
326 271
327 252
328 239
329 269
330 287
331 275
332 71
333 304
334 171
335 328
336 65
337 184
338 270
339 83
340 186
341 205
342 309
343 229
344 315
345 101
346 41
347 264
348 147
349 255
350 121
351 238
352 241
353 158
354 166
355 244
356 310
357 351
358 21
359 151
360 159
361 313
362 208
363 198
364 352
365 156
366 219
367 337
368 243
369 118
370 357
371 165
372 365
373 175
374 373
375 84
376 49
377 272
378 309
379 360
380 156
381 321
382 143
383 28
384 352
385 174
386 162
387 112
388 273
389 236
390 93
391 306
392 109
393 184
394 229
395 322
396 261
397 342
398 304
399 141
400 388
401 356
402 267
403 253
404 291
405 141
406 361
407 335
408 201
409 356
410 398
411 192
412 294
413 329
414 410
415 77
416 239
417 70
418 223
419 152
420 117
421 241
422 306
423 382
424 44
425 418
426 295
427 120
428 195
429 76
430 289
431 301
432 354
433 156
434 263
435 395
436 320
437 191
438 176
439 297
440 387
441 313
442 332
443 440
444 195
445 211
446 379
447 219
448 394
449 395
450 259
451 329
452 31
453 416
454 140
455 358
456 178
457 22
458 141
459 229
460 148
461 301
462 277
463 286
464 452
465 252
466 131
467 309
468 283
469 90
470 286
471 184
472 180
473 390
474 365
475 403
476 227
477 144
478 413
479 81
480 166
481 278
482 120
483 474
484 258
485 272
486 273
487 321
488 316
489 197
490 378
491 372
492 71
493 280
494 341
495 334
496 237
497 483
498 167
499 301
500 184
501 424
502 177
503 263
504 164
505 496
506 262
507 225
508 143
509 478
510 247
511 469
512 162
513 59
514 203
515 141
516 397
517 396
518 93
519 350
520 172
521 313
522 428
523 214
524 454
525 129
526 108
527 209
528 407
529 369
530 370
531 499
532 508
533 450
534 514
535 87
536 496
537 15
538 288
539 283
540 366
541 364
542 393
543 510
544 23
545 536
546 398
547 324
548 540
549 146
550 231
551 176
552 391
553 359
554 39
555 59
556 122
557 541
558 260
559 430
560 202
561 535
562 258
563 384
564 447
565 242
566 460
567 491
568 512
569 438
570 486
571 431
572 289
573 110
574 463
575 105
576 424
577 174
578 200
579 459
580 249
581 527
582 542
583 512
584 540
585 452
586 414
587 585
588 247
589 249
590 216
591 215
592 558
593 472
594 7
595 313
596 401
597 60
598 408
599 134
600 537
601 455
602 254
603 594
604 187
605 217
606 464
607 573
608 302
609 427
610 120
611 355
612 97
613 585
614 166
615 566
616 498
617 449
618 89
619 545
620 312
621 239
622 616
623 130
624 388
625 48
626 401
627 193
628 325
629 286
630 546
631 587
632 337
633 109
634 177
635 203
636 167
637 196
638 168
639 38
640 433
641 572
642 230
643 587
644 518
645 57
646 642
647 429
648 166
649 484
650 162
651 356
652 419
653 281
654 604
655 537
656 417
657 570
658 583
659 593
660 532
661 305
662 220
663 627
664 538
665 124
666 562
667 292
668 212
669 453
670 128
671 281
672 270
673 384
674 463
675 198
676 537
677 661
678 481
679 132
680 375
681 428
682 525
683 485
684 90
685 520
686 212
687 331
688 417
689 674
690 665
691 284
692 318
693 138
694 237
695 663
696 288
697 535
698 529
699 520
700 130
701 426
702 307
703 273
704 265
705 297
706 196
707 287
708 249
709 28
710 407
711 414
712 61
713 634
714 499
715 319
716 111
717 626
718 660
719 395
720 477
721 368
722 598
723 559
724 355
725 212
726 725
727 441
728 689
729 685
730 309
731 520
732 484
733 465
734 226
735 213
736 487
737 523
738 717
739 135
740 551
741 302
742 472
743 698
744 743
745 413
746 629
747 441
748 634
749 257
750 489
751 653
752 329
753 599
754 334
755 142
756 431
757 610
758 79
759 636
760 745
761 687
762 682
763 401
764 383
765 533
766 753
767 690
768 701
769 761
770 234
771 347
772 749
773 740
774 467
775 5
776 111
777 469
778 727
779 5
780 700
781 305
782 404
783 73
784 188
785 639
786 212
787 729
788 408
789 377
790 112
791 371
792 302
793 117
794 782
795 61
796 647
797 507
798 240
799 573
800 125
801 243
802 672
803 503
804 766
805 341
806 414
807 291
808 392
809 111
810 345
811 550
812 733
813 486
814 41
815 658
816 210
817 803
818 247
819 782
820 788
821 633
822 15
823 371
824 741
825 360
826 116
827 712
828 569
829 511
830 629
831 171
832 386
833 688
834 237
835 125
836 637
837 408
838 610
839 706
840 389
841 663
842 145
843 300
844 634
845 654
846 578
847 125
848 744
849 443
850 600
851 67
852 380
853 67
854 495
855 777
856 688
857 816
858 216
859 752
860 306
861 444
862 560
863 538
864 856
865 263
866 768
867 539
868 77
869 698
870 749
871 259
872 437
873 811
874 785
875 507
876 134
877 874
878 484
879 29
880 715
881 580
882 235
883 165
884 442
885 827
886 503
887 744
888 60
889 173
890 573
891 694
892 166
893 220
894 208
895 540
896 143
897 708
898 540
899 93
900 706
901 830
902 898
903 208
904 298
905 784
906 602
907 767
908 404
909 630
910 298
911 748
912 501
913 849
914 538
915 565
916 277
917 130
918 427
919 717
920 420
921 840
922 147
923 482
924 540
925 467
926 309
927 508
928 838
929 267
930 213
931 804
932 839
933 828
934 567
935 255
936 501
937 800
938 341
939 7
940 489
941 310
942 495
943 693
944 151
945 434
946 889
947 915
948 916
949 423
950 196
951 805
952 775
953 488
954 327
955 247
956 338
957 261
958 339
959 930
960 920
961 467
962 928
963 876
964 91
965 948
966 522
967 736
968 698
969 517
970 184
971 661
972 536
973 592
974 514
975 296
976 109
977 259
978 914
979 132
980 955
981 581
982 525
983 152
984 755
985 818
986 590
987 564
988 586
989 889
990 929
991 532
992 205
993 117
994 108
995 40
996 169
997 134
998 490
999 911
